{
    "observation.image_0": {
        "intrinsic": {
            "width": 480,
            "height": 480,
            "fovy_degrees": 45.0,
            "focal_length": 579.4112549695428,
            "matrix": [
                [
                    579.4112549695428,
                    0.0,
                    240.0
                ],
                [
                    0.0,
                    579.4112549695428,
                    240.0
                ],
                [
                    0.0,
                    0.0,
                    1.0
                ]
            ]
        },
        "extrinsic": {
            "position": [
                0.6276,
                -1.2268,
                1.0499
            ],
            "rotation_matrix": [
                [
                    0.8730329420418028,
                    -0.07445789298007136,
                    -0.481943465857566
                ],
                [
                    0.4707702639583101,
                    -0.1291693646798152,
                    0.8727488950441795
                ],
                [
                    -0.12723537512208502,
                    -0.9888231881389016,
                    -0.0777165485360818
                ]
            ],
            "matrix": [
                [
                    0.8730329420418028,
                    -0.07445789298007136,
                    -0.481943465857566,
                    0.6276
                ],
                [
                    0.4707702639583101,
                    -0.1291693646798152,
                    0.8727488950441795,
                    -0.8267999999999999
                ],
                [
                    -0.12723537512208502,
                    -0.9888231881389016,
                    -0.0777165485360818,
                    0.26990000000000003
                ],
                [
                    0.0,
                    0.0,
                    0.0,
                    1.0
                ]
            ]
        }
    },
    "observation.image_1": {
        "intrinsic": {
            "width": 480,
            "height": 480,
            "fovy_degrees": 45.0,
            "focal_length": 579.4112549695428,
            "matrix": [
                [
                    579.4112549695428,
                    0.0,
                    240.0
                ],
                [
                    0.0,
                    579.4112549695428,
                    240.0
                ],
                [
                    0.0,
                    0.0,
                    1.0
                ]
            ]
        },
        "extrinsic": {
            "position": [
                0.9582,
                0.568,
                1.4169
            ],
            "rotation_matrix": [
                [
                    -0.5206783595219275,
                    0.3289905294501758,
                    -0.7878193177738453
                ],
                [
                    0.8442185970223528,
                    0.060878763473532105,
                    -0.5325305029756923
                ],
                [
                    -0.12723602621570806,
                    -0.9423688278429133,
                    -0.30943817790119066
                ]
            ],
            "matrix": [
                [
                    -0.5206783595219275,
                    0.3289905294501758,
                    -0.7878193177738453,
                    0.9582
                ],
                [
                    0.8442185970223528,
                    0.060878763473532105,
                    -0.5325305029756923,
                    0.968
                ],
                [
                    -0.12723602621570806,
                    -0.9423688278429133,
                    -0.30943817790119066,
                    0.6369
                ],
                [
                    0.0,
                    0.0,
                    0.0,
                    1.0
                ]
            ]
        }
    },
    "observation.image_2": {
        "intrinsic": {
            "width": 480,
            "height": 480,
            "fovy_degrees": 45.0,
            "focal_length": 579.4112549695428,
            "matrix": [
                [
                    579.4112549695428,
                    0.0,
                    240.0
                ],
                [
                    0.0,
                    579.4112549695428,
                    240.0
                ],
                [
                    0.0,
                    0.0,
                    1.0
                ]
            ]
        },
        "extrinsic": {
            "position": [
                -1.1417,
                -0.7527,
                1.3729
            ],
            "rotation_matrix": [
                [
                    0.5206783595219275,
                    -0.3289905294501758,
                    0.7878193177738453
                ],
                [
                    -0.8442185970223528,
                    -0.06087876347353213,
                    0.5325305029756923
                ],
                [
                    -0.12723602621570806,
                    -0.9423688278429133,
                    -0.30943817790119066
                ]
            ],
            "matrix": [
                [
                    0.5206783595219275,
                    -0.3289905294501758,
                    0.7878193177738453,
                    -1.1417
                ],
                [
                    -0.8442185970223528,
                    -0.06087876347353213,
                    0.5325305029756923,
                    -0.3527
                ],
                [
                    -0.12723602621570806,
                    -0.9423688278429133,
                    -0.30943817790119066,
                    0.5929
                ],
                [
                    0.0,
                    0.0,
                    0.0,
                    1.0
                ]
            ]
        }
    },
    "observation.image_3": {
        "intrinsic": {
            "width": 480,
            "height": 480,
            "fovy_degrees": 45.0,
            "focal_length": 579.4112549695428,
            "matrix": [
                [
                    579.4112549695428,
                    0.0,
                    240.0
                ],
                [
                    0.0,
                    579.4112549695428,
                    240.0
                ],
                [
                    0.0,
                    0.0,
                    1.0
                ]
            ]
        },
        "extrinsic": {
            "position": [
                -0.5638,
                0.9758,
                1.139
            ],
            "rotation_matrix": [
                [
                    -0.8730329420418028,
                    0.07445789298007136,
                    0.481943465857566
                ],
                [
                    -0.4707702639583101,
                    0.1291693646798152,
                    -0.8727488950441795
                ],
                [
                    -0.12723537512208502,
                    -0.9888231881389016,
                    -0.07771654853608179
                ]
            ],
            "matrix": [
                [
                    -0.8730329420418028,
                    0.07445789298007136,
                    0.481943465857566,
                    -0.5638
                ],
                [
                    -0.4707702639583101,
                    0.1291693646798152,
                    -0.8727488950441795,
                    1.3758
                ],
                [
                    -0.12723537512208502,
                    -0.9888231881389016,
                    -0.07771654853608179,
                    0.359
                ],
                [
                    0.0,
                    0.0,
                    0.0,
                    1.0
                ]
            ]
        }
    },
    "observation.image_4": {
        "intrinsic": {
            "width": 480,
            "height": 480,
            "fovy_degrees": 45.0,
            "focal_length": 579.4112549695428,
            "matrix": [
                [
                    579.4112549695428,
                    0.0,
                    240.0
                ],
                [
                    0.0,
                    579.4112549695428,
                    240.0
                ],
                [
                    0.0,
                    0.0,
                    1.0
                ]
            ]
        },
        "extrinsic": {
            "position": [
                0.3053,
                0.9277,
                1.5512
            ],
            "rotation_matrix": [
                [
                    -0.9550318745094191,
                    -0.005141995341499853,
                    -0.2964585612778512
                ],
                [
                    0.24035564889475153,
                    0.5720386271718592,
                    -0.7842199761978254
                ],
                [
                    0.1736182038710468,
                    -0.8202105637622835,
                    -0.5450792147728154
                ]
            ],
            "matrix": [
                [
                    -0.9550318745094191,
                    -0.005141995341499853,
                    -0.2964585612778512,
                    0.3053
                ],
                [
                    0.24035564889475153,
                    0.5720386271718592,
                    -0.7842199761978254,
                    1.3277
                ],
                [
                    0.1736182038710468,
                    -0.8202105637622835,
                    -0.5450792147728154,
                    0.7711999999999999
                ],
                [
                    0.0,
                    0.0,
                    0.0,
                    1.0
                ]
            ]
        }
    },
    "observation.image_wrist": {
        "intrinsic": {
            "width": 480,
            "height": 480,
            "fovy_degrees": 45.0,
            "focal_length": 579.4112549695428,
            "matrix": [
                [
                    579.4112549695428,
                    0.0,
                    240.0
                ],
                [
                    0.0,
                    579.4112549695428,
                    240.0
                ],
                [
                    0.0,
                    0.0,
                    1.0
                ]
            ]
        },
        "extrinsic": {
            "position": [
                -0.004173144274273768,
                -0.26056308188811667,
                1.3672283328272055
            ],
            "rotation_matrix": [
                [
                    0.7217597366668246,
                    0.5964104302233918,
                    0.35122283702427753
                ],
                [
                    0.6918843949970518,
                    -0.6078086316692252,
                    -0.3896981539960708
                ],
                [
                    -0.0189437716993488,
                    0.5242740371114427,
                    -0.8513388676224468
                ]
            ],
            "matrix": [
                [
                    0.7217597366668246,
                    0.5964104302233918,
                    0.35122283702427753,
                    -0.004173144274273768
                ],
                [
                    0.6918843949970518,
                    -0.6078086316692252,
                    -0.3896981539960708,
                    0.13943691811188336
                ],
                [
                    -0.0189437716993488,
                    0.5242740371114427,
                    -0.8513388676224468,
                    0.5872283328272054
                ],
                [
                    0.0,
                    0.0,
                    0.0,
                    1.0
                ]
            ]
        }
    }
}