{
    "observation.image_0": {
        "intrinsic": {
            "width": 480,
            "height": 480,
            "fovy_degrees": 45.0,
            "focal_length": 579.4112549695428,
            "matrix": [
                [
                    579.4112549695428,
                    0.0,
                    240.0
                ],
                [
                    0.0,
                    579.4112549695428,
                    240.0
                ],
                [
                    0.0,
                    0.0,
                    1.0
                ]
            ]
        },
        "extrinsic": {
            "position": [
                0.8449,
                -0.7853,
                1.209
            ],
            "rotation_matrix": [
                [
                    0.6703946762750767,
                    0.1458798647020318,
                    -0.7275232251251862
                ],
                [
                    0.7420047014161912,
                    -0.13184495754783146,
                    0.6573020083990919
                ],
                [
                    -3.314067805831877e-05,
                    -0.9804774205680251,
                    -0.19663170308464514
                ]
            ],
            "matrix": [
                [
                    0.6703946762750767,
                    0.1458798647020318,
                    -0.7275232251251862,
                    0.8449
                ],
                [
                    0.7420047014161912,
                    -0.13184495754783146,
                    0.6573020083990919,
                    -0.3853
                ],
                [
                    -3.314067805831877e-05,
                    -0.9804774205680251,
                    -0.19663170308464514,
                    0.42900000000000005
                ],
                [
                    0.0,
                    0.0,
                    0.0,
                    1.0
                ]
            ]
        }
    },
    "observation.image_1": {
        "intrinsic": {
            "width": 480,
            "height": 480,
            "fovy_degrees": 45.0,
            "focal_length": 579.4112549695428,
            "matrix": [
                [
                    579.4112549695428,
                    0.0,
                    240.0
                ],
                [
                    0.0,
                    579.4112549695428,
                    240.0
                ],
                [
                    0.0,
                    0.0,
                    1.0
                ]
            ]
        },
        "extrinsic": {
            "position": [
                1.0851,
                0.909,
                1.3
            ],
            "rotation_matrix": [
                [
                    -0.6703946762750767,
                    0.1458798647020318,
                    -0.7275232251251862
                ],
                [
                    0.7420047014161912,
                    0.1318449575478315,
                    -0.6573020083990919
                ],
                [
                    3.314067805831877e-05,
                    -0.9804774205680251,
                    -0.19663170308464512
                ]
            ],
            "matrix": [
                [
                    -0.6703946762750767,
                    0.1458798647020318,
                    -0.7275232251251862,
                    1.0851
                ],
                [
                    0.7420047014161912,
                    0.1318449575478315,
                    -0.6573020083990919,
                    1.3090000000000002
                ],
                [
                    3.314067805831877e-05,
                    -0.9804774205680251,
                    -0.19663170308464512,
                    0.52
                ],
                [
                    0.0,
                    0.0,
                    0.0,
                    1.0
                ]
            ]
        }
    },
    "observation.image_2": {
        "intrinsic": {
            "width": 480,
            "height": 480,
            "fovy_degrees": 45.0,
            "focal_length": 579.4112549695428,
            "matrix": [
                [
                    579.4112549695428,
                    0.0,
                    240.0
                ],
                [
                    0.0,
                    579.4112549695428,
                    240.0
                ],
                [
                    0.0,
                    0.0,
                    1.0
                ]
            ]
        },
        "extrinsic": {
            "position": [
                -0.8449,
                -0.7853,
                1.209
            ],
            "rotation_matrix": [
                [
                    0.6703946762750767,
                    -0.1458798647020318,
                    0.7275232251251862
                ],
                [
                    -0.7420047014161912,
                    -0.13184495754783146,
                    0.6573020083990919
                ],
                [
                    3.314067805831877e-05,
                    -0.9804774205680251,
                    -0.19663170308464514
                ]
            ],
            "matrix": [
                [
                    0.6703946762750767,
                    -0.1458798647020318,
                    0.7275232251251862,
                    -0.8449
                ],
                [
                    -0.7420047014161912,
                    -0.13184495754783146,
                    0.6573020083990919,
                    -0.3853
                ],
                [
                    3.314067805831877e-05,
                    -0.9804774205680251,
                    -0.19663170308464514,
                    0.42900000000000005
                ],
                [
                    0.0,
                    0.0,
                    0.0,
                    1.0
                ]
            ]
        }
    },
    "observation.image_3": {
        "intrinsic": {
            "width": 480,
            "height": 480,
            "fovy_degrees": 45.0,
            "focal_length": 579.4112549695428,
            "matrix": [
                [
                    579.4112549695428,
                    0.0,
                    240.0
                ],
                [
                    0.0,
                    579.4112549695428,
                    240.0
                ],
                [
                    0.0,
                    0.0,
                    1.0
                ]
            ]
        },
        "extrinsic": {
            "position": [
                -1.0851,
                0.909,
                1.3
            ],
            "rotation_matrix": [
                [
                    -0.6703946762750767,
                    -0.1458798647020318,
                    0.7275232251251862
                ],
                [
                    -0.7420047014161912,
                    0.1318449575478315,
                    -0.6573020083990919
                ],
                [
                    -3.314067805831877e-05,
                    -0.9804774205680251,
                    -0.19663170308464512
                ]
            ],
            "matrix": [
                [
                    -0.6703946762750767,
                    -0.1458798647020318,
                    0.7275232251251862,
                    -1.0851
                ],
                [
                    -0.7420047014161912,
                    0.1318449575478315,
                    -0.6573020083990919,
                    1.3090000000000002
                ],
                [
                    -3.314067805831877e-05,
                    -0.9804774205680251,
                    -0.19663170308464512,
                    0.52
                ],
                [
                    0.0,
                    0.0,
                    0.0,
                    1.0
                ]
            ]
        }
    },
    "observation.image_4": {
        "intrinsic": {
            "width": 480,
            "height": 480,
            "fovy_degrees": 45.0,
            "focal_length": 579.4112549695428,
            "matrix": [
                [
                    579.4112549695428,
                    0.0,
                    240.0
                ],
                [
                    0.0,
                    579.4112549695428,
                    240.0
                ],
                [
                    0.0,
                    0.0,
                    1.0
                ]
            ]
        },
        "extrinsic": {
            "position": [
                -0.1243,
                1.2169,
                1.644
            ],
            "rotation_matrix": [
                [
                    -0.9947794008183393,
                    -0.05625862331293376,
                    0.08514053682259295
                ],
                [
                    -0.1020487318248827,
                    0.548361678153552,
                    -0.829991280837066
                ],
                [
                    6.3591707005553055e-06,
                    -0.8343467128451778,
                    -0.5512400227886282
                ]
            ],
            "matrix": [
                [
                    -0.9947794008183393,
                    -0.05625862331293376,
                    0.08514053682259295,
                    -0.1243
                ],
                [
                    -0.1020487318248827,
                    0.548361678153552,
                    -0.829991280837066,
                    1.6169000000000002
                ],
                [
                    6.3591707005553055e-06,
                    -0.8343467128451778,
                    -0.5512400227886282,
                    0.8639999999999999
                ],
                [
                    0.0,
                    0.0,
                    0.0,
                    1.0
                ]
            ]
        }
    },
    "observation.image_wrist": {
        "intrinsic": {
            "width": 480,
            "height": 480,
            "fovy_degrees": 45.0,
            "focal_length": 579.4112549695428,
            "matrix": [
                [
                    579.4112549695428,
                    0.0,
                    240.0
                ],
                [
                    0.0,
                    579.4112549695428,
                    240.0
                ],
                [
                    0.0,
                    0.0,
                    1.0
                ]
            ]
        },
        "extrinsic": {
            "position": [
                -0.004173144274273768,
                -0.26056308188811667,
                1.3672283328272055
            ],
            "rotation_matrix": [
                [
                    0.7217597366668246,
                    0.5964104302233918,
                    0.35122283702427753
                ],
                [
                    0.6918843949970518,
                    -0.6078086316692252,
                    -0.3896981539960708
                ],
                [
                    -0.0189437716993488,
                    0.5242740371114427,
                    -0.8513388676224468
                ]
            ],
            "matrix": [
                [
                    0.7217597366668246,
                    0.5964104302233918,
                    0.35122283702427753,
                    -0.004173144274273768
                ],
                [
                    0.6918843949970518,
                    -0.6078086316692252,
                    -0.3896981539960708,
                    0.13943691811188336
                ],
                [
                    -0.0189437716993488,
                    0.5242740371114427,
                    -0.8513388676224468,
                    0.5872283328272054
                ],
                [
                    0.0,
                    0.0,
                    0.0,
                    1.0
                ]
            ]
        }
    }
}